   526  20  40
   531  10  20
   542  20  40
   547  10  20
  4097 115 101
  4098 115 116
  4099 115 104
  4100   1 137
  4101  70 122
  4102   0 117
  4103   0 115
  4104   0 111
  4105 106 116
  4106 111 106
  4107 114 117
  4108 105 137
  4109 137 166
  4110 111   0
  4111 116   0
  4112 106   0
  4113 117   2
  4115   0   2
  4117   1 115
  4118   0 124
  4119   0  66
  4120   0  67
  4121   1  65
  4122   0  62
  4123  14   0
  4124   5   0
  4125  20   0
  4126  17   0
  4127  40   0
  4129 244   0
  4130 105   0
  4131   6   0
  4133   0 103
  4134   0 125
  4135  10 123
  4136   0 124
  4137 360   0
  4141 154   0
  4142   6   0
  4145 360   0
  4149   1 101
  4150   0 116
  4151 140 104
  4152 302 137
  4153 115 123
  4154 115 105
  4155 115 103
  4156   1 103
  4157  14 124
  4158   0 122
  4159   1 114
  4160   0 137
  4161   1 166
  4165 115   1
  4166 115   0
  4167 115   0
  4168   1   0
  4169 144  42
  4171   7   0
  4173 220   0
  4177   0   1
  4181   0 101
  4182   0 116
  4183   0 104
  4184   0 137
  4185   0 123
  4186   0 105
  4187   0 103
  4188   0 122
  4189   0 117
  4190   0 137
  4191   0 166
  4197   0   1
  4201   0  61
  4202   0 101
  4203   0  65
